5.0   0.008   72.102   72.1008   0.391053 +- 0.000431559   0.347094
7.0   0.0085   54.901   54.8992   0.450459 +- 0.000472248   0.336406
9.0   0.009   44.587   44.5856   0.494404 +- 0.000497163   0.334406
11.0   0.0095   37.1476   37.145   0.525205 +- 0.000511796   0.3338
13.0   0.01   31.3852   31.3828   0.548362 +- 0.000521168   0.333582
15.0   0.012   34.8862   34.8874   0.563034 +- 0.000526349   0.333482
17.0   0.014   36.9662   36.9658   0.575417 +- 0.000530248   0.333406
19.0   0.016   37.7884   37.785   0.582349 +- 0.000532237   0.33339
23.0   0.024   52.4616   52.4644   0.59001 +- 0.00053427   0.333376
27.0   0.032   57.6318   57.6312   0.593753 +- 0.0005352   0.33333
31.0   0.04   55.1714   55.1684   0.595031 +- 0.000535507   0.333324
35.0   0.06   74.8712   74.8686   0.596572 +- 0.000535872   0.333324
39.0   0.08   78.4436   78.4404   0.598792 +- 0.000536384   0.333324
42.0   0.09   65.4928   65.4928   0.600637 +- 0.000536798   0.333324
45.0   0.1   52.3232   52.321   0.601954 +- 0.000537087   0.33332
48.0   0.11   40.0856   40.0846   0.603521 +- 0.000537425   0.333318
51.0   0.12   29.5088   29.5108   0.60717 +- 0.00053818   0.333318
54.0   0.16   31.7552   31.7546   0.611683 +- 0.000539057   0.333318
57.0   0.2   29.5688   29.5666   0.622627 +- 0.000540914   0.333318
60.0   0.2665   31.2032   31.2034   0.635011 +- 0.000542545   0.333318
63.0   0.333   29.7042   29.7028   0.653411 +- 0.000544012   0.333318
66.0   0.4   28.0444   28.0428   0.678231 +- 0.000544082   0.333318
69.0   0.467   27.3106   27.3108   0.701986 +- 0.000541953   0.333318
72.0   0.5335   28.0196   28.017   0.719511 +- 0.000538903   0.333318
75.0   0.6   29.6404   29.638   0.742906 +- 0.000532715   0.333318
10.0   0.01   47.4536   47.4526   0.511404 +- 0.000505538   0.334018